15
60
 4 12  8  5 10 14  7 11  6  9 15  3 13 2 1
15 35 25 20 30 40 22 33 18 28 45 10 38 8 5

45
200
 4 12  8  5 10 14  7 11  6  9 15  3 13 2 1 4 12  8  5 10 14  7 11  6  9 15  3 13 2 1 4 12  8  5 10 14  7 11  6  9 15  3 13 2 1
15 35 25 20 30 40 22 33 18 28 45 10 38 8 5 15 35 25 20 30 40 22 33 18 28 45 10 38 8 5 15 35 25 20 30 40 22 33 18 28 45 10 38 8 5

15
60
 4 12  8  5 10 14  7 11  6  9 15  3 13 2 1
15 35 25 20 30 40 22 33 18 28 45 10 38 8 5

10
45
2 6 12 8 15 10 9 11 4 7
10 25 35 20 45 30 28 33 15 23

6
30
5 10 8 6 9 3
20 40 30 25 35 15

